image: empty_ground.png
resolution: 0.050000
origin: [-11.449849, -11.487176, 0.000000]
negate: 0
occupied_thresh: 0.65
free_thresh: 0.196

